![wpn_g28_pmii_hud]
aim_hud_offset_alt_pos		= -0.0735, -0.0206, -0.031525
aim_hud_offset_alt_pos_16x9	= -0.0735, -0.0206, -0.031525
aim_hud_offset_alt_rot		= 0.01225, 0.010936, -0.055187
aim_hud_offset_alt_rot_16x9	= 0.01225, 0.010936, -0.055187
aim_hud_offset_pos			= -0.073891, 0.027124, -0.032989
aim_hud_offset_pos_16x9		= -0.073891, 0.027124, -0.032989
aim_hud_offset_rot			= 0.016066, 0.008823, -0.076051
aim_hud_offset_rot_16x9		= 0.016066, 0.008823, -0.076051
fire_point					= 0.016, 0.0852, 0.490497
hands_orientation			= 0, -0.43, 0
hands_orientation_16x9		= 0, -0.43, 0
hands_position				= 0.01, 0.0032, 0.0085
hands_position_16x9			= 0.01, 0.0032, 0.0085
lowered_hud_offset_pos		= 0.1, 0, 0
lowered_hud_offset_pos_16x9	= 0.1, 0, 0

![wpn_g28_pn23fore_hud]
aim_hud_offset_alt_pos		= -0.0735, -0.0206, -0.031525
aim_hud_offset_alt_pos_16x9	= -0.0735, -0.0206, -0.031525
aim_hud_offset_alt_rot		= 0.01225, 0.010936, -0.055187
aim_hud_offset_alt_rot_16x9	= 0.01225, 0.010936, -0.055187
aim_hud_offset_pos			= -0.073891, 0.027124, -0.032989
aim_hud_offset_pos_16x9		= -0.073891, 0.027124, -0.032989
aim_hud_offset_rot			= 0.016066, 0.008823, -0.076051
aim_hud_offset_rot_16x9		= 0.016066, 0.008823, -0.076051
fire_point					= 0.016, 0.0852, 0.490497
hands_orientation			= 0, -0.43, 0
hands_orientation_16x9		= 0, -0.43, 0
hands_position				= 0.01, 0.0032, 0.0085
hands_position_16x9			= 0.01, 0.0032, 0.0085
lowered_hud_offset_pos		= 0.1, 0, 0
lowered_hud_offset_pos_16x9	= 0.1, 0, 0